77 2 2 0 7 141 194 174
78 2 2 0 7 80 155 339
79 2 2 0 7 80 339 157
80 2 2 0 7 76 170 203
81 2 2 0 7 43 175 42
82 2 2 0 7 141 174 365
83 2 2 0 7 209 240 100
84 2 2 0 7 187 239 104
85 2 2 0 7 144 286 338
86 2 2 0 7 22 154 21
87 2 2 0 7 253 305 209
88 2 2 0 7 7 321 269
89 2 2 0 7 173 371 110
90 2 2 0 7 183 115 242
91 2 2 0 7 85 286 144
92 2 2 0 7 179 265 97
93 2 2 0 7 219 229 119
94 2 2 0 7 262 126 318
95 2 2 0 7 174 244 109
96 2 2 0 7 174 109 365
97 2 2 0 7 177 111 197
98 2 2 0 7 179 125 265
99 2 2 0 7 29 156 28
100 2 2 0 7 86 152 227
101 2 2 0 7 195 76 203
102 2 2 0 7 84 149 356
103 2 2 0 7 82 177 354
104 2 2 0 7 90 156 283
105 2 2 0 7 88 315 151
106 2 2 0 7 80 178 199
107 2 2 0 7 167 110 371
108 2 2 0 7 84 212 126
109 2 2 0 7 84 126 207
110 2 2 0 7 231 108 272
111 2 2 0 7 78 348 152
112 2 2 0 7 226 153 263
113 2 2 0 7 262 334 172
114 2 2 0 7 162 318 126
115 2 2 0 7 78 163 348
116 2 2 0 7 212 84 356
117 2 2 0 7 230 342 164
118 2 2 0 7 83 234 179
119 2 2 0 7 8 321 7
120 2 2 0 7 254 106 327
121 2 2 0 7 198 340 133
122 2 2 0 7 86 227 136
123 2 2 0 7 148 236 117
124 2 2 0 7 287 133 340
125 2 2 0 7 89 159 325
126 2 2 0 7 171 136 227
127 2 2 0 7 89 254 159
128 2 2 0 7 164 114 230
129 2 2 0 7 221 139 252
130 2 2 0 7 240 384 100
131 2 2 0 7 156 110 259
132 2 2 0 7 28 156 259
133 2 2 0 7 13 181 12
134 2 2 0 7 272 108 315
135 2 2 0 7 226 263 113
136 2 2 0 7 49 314 255
137 2 2 0 7 29 210 156
138 2 2 0 7 21 154 196
139 2 2 0 7 209 100 253
140 2 2 0 7 86 203 170
141 2 2 0 7 82 354 290
142 2 2 0 7 219 104 343
143 2 2 0 7 88 385 315
144 2 2 0 7 85 144 209
145 2 2 0 7 233 74 258
146 2 2 0 7 80 264 178
147 2 2 0 7 71 269 278
148 2 2 0 7 12 181 352
149 2 2 0 7 177 197 105
150 2 2 0 7 196 353 99
151 2 2 0 7 27 167 26
152 2 2 0 7 36 184 35
153 2 2 0 7 254 327 159
154 2 2 0 7 176 361 135
155 2 2 0 7 84 207 163
156 2 2 0 7 178 107 199
157 2 2 0 7 71 278 70
158 2 2 0 7 172 126 262
159 2 2 0 7 183 242 81
160 2 2 0 7 83 179 281
161 2 2 0 7 221 252 87
162 2 2 0 7 49 255 48
163 2 2 0 7 179 124 281
164 2 2 0 7 223 102 270
165 2 2 0 7 239 343 104
166 2 2 0 7 223 270 279
167 2 2 0 7 190 202 116
168 2 2 0 7 216 252 139
169 2 2 0 7 169 340 121
170 2 2 0 7 178 264 129
171 2 2 0 7 240 150 384
172 2 2 0 7 151 118 298
173 2 2 0 7 233 258 357
174 2 2 0 7 219 79 229
175 2 2 0 7 167 259 110
176 2 2 0 7 315 385 146
177 2 2 0 7 207 95 348
178 2 2 0 7 253 130 305
179 2 2 0 7 88 151 298
180 2 2 0 7 217 242 115
181 2 2 0 7 196 154 353
182 2 2 0 7 198 121 340
183 2 2 0 7 170 102 243
184 2 2 0 7 36 285 184
185 2 2 0 7 182 197 72
186 2 2 0 7 46 280 165
187 2 2 0 7 90 249 156
188 2 2 0 7 171 330 136
189 2 2 0 7 27 259 167
190 2 2 0 7 84 246 149
191 2 2 0 7 184 112 199
192 2 2 0 7 42 175 329
193 2 2 0 7 184 199 107
194 2 2 0 7 74 244 174
195 2 2 0 7 156 249 110
196 2 2 0 7 159 133 325
197 2 2 0 7 18 239 187
198 2 2 0 7 80 317 155
199 2 2 0 7 86 243 152
200 2 2 0 7 296 136 330
201 2 2 0 7 162 126 212
202 2 2 0 7 200 215 76
203 2 2 0 7 86 136 267
204 2 2 0 7 232 332 150
205 2 2 0 7 192 98 297
206 2 2 0 7 91 260 166
207 2 2 0 7 91 166 241
208 2 2 0 7 76 215 170
209 2 2 0 7 93 162 212
210 2 2 0 7 217 123 242
211 2 2 0 7 200 103 250
212 2 2 0 7 172 207 126
213 2 2 0 7 192 205 98
214 2 2 0 7 170 215 102
215 2 2 0 7 26 167 204
216 2 2 0 7 3 32 256
217 2 2 0 7 3 256 31
218 2 2 0 7 197 111 335
219 2 2 0 7 68 186 67
220 2 2 0 7 225 253 112
221 2 2 0 7 210 283 156
222 2 2 0 7 43 230 175
223 2 2 0 7 9 176 321
224 2 2 0 7 86 170 243
225 2 2 0 7 59 191 58
226 2 2 0 7 83 222 145
227 2 2 0 7 9 321 8
228 2 2 0 7 219 343 168
229 2 2 0 7 241 166 375
230 2 2 0 7 182 92 214
231 2 2 0 7 224 238 76
232 2 2 0 7 179 234 125
233 2 2 0 7 196 351 142
234 2 2 0 7 209 144 240
235 2 2 0 7 9 247 176
236 2 2 0 7 96 361 176
237 2 2 0 7 185 107 208
238 2 2 0 7 176 135 321
239 2 2 0 7 188 219 119
240 2 2 0 7 195 224 76
241 2 2 0 7 195 203 113
242 2 2 0 7 169 121 341
243 2 2 0 7 220 384 155
244 2 2 0 7 175 230 114
245 2 2 0 7 50 193 314
246 2 2 0 7 161 108 231
247 2 2 0 7 182 105 197
248 2 2 0 7 194 78 279
249 2 2 0 7 95 207 172
250 2 2 0 7 241 125 306
251 2 2 0 7 232 94 332
252 2 2 0 7 34 185 33
253 2 2 0 7 213 254 132
254 2 2 0 7 85 180 359
255 2 2 0 7 207 348 163
256 2 2 0 7 185 208 120
257 2 2 0 7 182 214 105
258 2 2 0 7 75 375 166
259 2 2 0 7 194 376 174
260 2 2 0 7 181 221 103
261 2 2 0 7 181 103 352
262 2 2 0 7 194 350 78
263 2 2 0 7 179 97 328
264 2 2 0 7 149 246 109
265 2 2 0 7 190 73 202
266 2 2 0 7 186 226 113
267 2 2 0 7 79 219 168
268 2 2 0 7 216 115 252
269 2 2 0 7 161 388 108
270 2 2 0 7 78 152 223
271 2 2 0 7 196 99 351
272 2 2 0 7 149 109 358
273 2 2 0 7 220 100 384
274 2 2 0 7 158 335 111
275 2 2 0 7 61 318 237
276 2 2 0 7 180 138 359
277 2 2 0 7 19 239 18
278 2 2 0 7 221 250 103
279 2 2 0 7 173 110 372
280 2 2 0 7 74 174 376
281 2 2 0 7 206 352 103
282 2 2 0 7 194 141 350
283 2 2 0 7 223 243 102
284 2 2 0 7 166 260 117
285 2 2 0 7 166 117 232
286 2 2 0 7 95 389 171
287 2 2 0 7 183 87 252
288 2 2 0 7 190 116 307
289 2 2 0 7 204 371 101
290 2 2 0 7 192 77 205
291 2 2 0 7 21 196 20
292 2 2 0 7 188 104 219
293 2 2 0 7 84 163 316
294 2 2 0 7 254 319 132
295 2 2 0 7 60 61 237
296 2 2 0 7 5 269 71
297 2 2 0 7 1 57 271
298 2 2 0 7 214 229 105
299 2 2 0 7 5 7 269
300 2 2 0 7 81 169 341
301 2 2 0 7 46 165 276
302 2 2 0 7 50 314 49
303 2 2 0 7 1 271 56
304 2 2 0 7 47 280 46
305 2 2 0 7 182 366 92
306 2 2 0 7 195 96 224
307 2 2 0 7 177 105 354
308 2 2 0 7 200 76 238
309 2 2 0 7 192 297 346
310 2 2 0 7 236 293 117
311 2 2 0 7 30 210 29
312 2 2 0 7 165 328 97
313 2 2 0 7 151 333 118
314 2 2 0 7 187 273 123
315 2 2 0 7 13 320 181
316 2 2 0 7 220 112 253
317 2 2 0 7 55 218 54
318 2 2 0 7 202 73 270
319 2 2 0 7 85 305 180
320 2 2 0 7 15 217 216
321 2 2 0 7 183 275 87
322 2 2 0 7 222 88 298
323 2 2 0 7 181 139 221
324 2 2 0 7 83 145 301
325 2 2 0 7 186 267 136
326 2 2 0 7 177 355 111
327 2 2 0 7 80 157 264
328 2 2 0 7 189 372 110
329 2 2 0 7 158 111 274
330 2 2 0 7 148 117 260
331 2 2 0 7 68 226 186
332 2 2 0 7 95 171 227
333 2 2 0 7 220 155 317
334 2 2 0 7 175 114 286
335 2 2 0 7 185 245 107
336 2 2 0 7 213 258 74
337 2 2 0 7 95 172 389
338 2 2 0 7 200 116 215
339 2 2 0 7 232 150 292
340 2 2 0 7 204 167 371
341 2 2 0 7 16 217 15
342 2 2 0 7 175 138 329
343 2 2 0 7 10 247 9
344 2 2 0 7 204 101 309
345 2 2 0 7 186 113 267
346 2 2 0 7 11 352 206
347 2 2 0 7 92 287 340
348 2 2 0 7 261 79 266
349 2 2 0 7 164 257 114
350 2 2 0 7 213 74 376
351 2 2 0 7 229 79 261
352 2 2 0 7 72 236 160
353 2 2 0 7 231 363 161
354 2 2 0 7 204 309 143
355 2 2 0 7 73 326 270
356 2 2 0 7 15 216 14
357 2 2 0 7 227 348 95
358 2 2 0 7 227 152 348
359 2 2 0 7 183 252 115
360 2 2 0 7 23 235 310
361 2 2 0 7 228 109 244
362 2 2 0 7 184 107 245
363 2 2 0 7 251 346 93
364 2 2 0 7 22 310 154
365 2 2 0 7 305 130 322
366 2 2 0 7 187 123 377
367 2 2 0 7 67 186 296
368 2 2 0 7 39 180 322
369 2 2 0 7 195 113 263
370 2 2 0 7 20 196 299
371 2 2 0 7 218 367 161
372 2 2 0 7 180 305 322
373 2 2 0 7 184 285 112
374 2 2 0 7 59 304 191
375 2 2 0 7 198 284 73
376 2 2 0 7 37 225 285
377 2 2 0 7 242 123 364
378 2 2 0 7 179 328 124
379 2 2 0 7 12 352 11
380 2 2 0 7 72 160 366
381 2 2 0 7 146 272 315
382 2 2 0 7 50 288 193
383 2 2 0 7 235 154 310
384 2 2 0 7 182 72 366
385 2 2 0 7 26 204 25
386 2 2 0 7 81 268 169
387 2 2 0 7 93 379 162
388 2 2 0 7 195 263 96
389 2 2 0 7 24 235 23
390 2 2 0 7 200 238 103
391 2 2 0 7 201 97 265
392 2 2 0 7 233 298 118
393 2 2 0 7 35 184 245
394 2 2 0 7 196 142 299
395 2 2 0 7 194 279 387
396 2 2 0 7 194 106 376
397 2 2 0 7 34 245 185
398 2 2 0 7 225 130 253
399 2 2 0 7 159 284 133
400 2 2 0 7 205 108 388
401 2 2 0 7 165 97 373
402 2 2 0 7 201 375 75
403 2 2 0 7 286 114 338
404 2 2 0 7 2 41 294
405 2 2 0 7 234 306 125
406 2 2 0 7 251 192 346
407 2 2 0 7 201 257 97
408 2 2 0 7 178 129 303
409 2 2 0 7 36 37 285
410 2 2 0 7 18 187 377
411 2 2 0 7 228 244 118
412 2 2 0 7 198 73 336
413 2 2 0 7 241 306 91
414 2 2 0 7 222 298 145
415 2 2 0 7 180 282 138
416 2 2 0 7 75 166 292
417 2 2 0 7 158 274 345
418 2 2 0 7 199 112 317
419 2 2 0 7 216 217 115
420 2 2 0 7 44 230 43
421 2 2 0 7 201 265 375
422 2 2 0 7 192 251 77
423 2 2 0 7 214 119 229
424 2 2 0 7 181 320 139
425 2 2 0 7 94 345 274
426 2 2 0 7 367 388 161
427 2 2 0 7 69 226 68
428 2 2 0 7 187 104 273
429 2 2 0 7 79 168 368
430 2 2 0 7 82 355 177
431 2 2 0 7 189 129 349
432 2 2 0 7 204 143 378
433 2 2 0 7 211 129 264
434 2 2 0 7 199 317 80
435 2 2 0 7 53 231 52
436 2 2 0 7 269 321 135
437 2 2 0 7 240 75 292
438 2 2 0 7 178 370 107
439 2 2 0 7 273 364 123
440 2 2 0 7 183 341 275
441 2 2 0 7 54 218 363
442 2 2 0 7 58 191 311
443 2 2 0 7 33 185 302
444 2 2 0 7 14 216 320
445 2 2 0 7 255 134 281
446 2 2 0 7 213 132 258
447 2 2 0 7 228 358 109
448 2 2 0 7 78 350 163
449 2 2 0 7 189 110 249
450 2 2 0 7 222 281 134
451 2 2 0 7 275 341 121
452 2 2 0 7 143 295 353
453 2 2 0 7 188 119 268
454 2 2 0 7 2 294 40
455 2 2 0 7 189 374 129
456 2 2 0 7 188 273 104
457 2 2 0 7 325 160 347
458 2 2 0 7 237 318 162
459 2 2 0 7 185 120 302
460 2 2 0 7 216 139 320
461 2 2 0 7 206 127 291
462 2 2 0 7 213 106 254
463 2 2 0 7 203 267 113
464 2 2 0 7 217 308 123
465 2 2 0 7 38 39 322
466 2 2 0 7 4 310 22
467 2 2 0 7 233 145 298
468 2 2 0 7 194 387 106
469 2 2 0 7 33 302 32
470 2 2 0 7 235 143 353
471 2 2 0 7 223 152 243
472 2 2 0 7 205 388 98
473 2 2 0 7 240 292 150
474 2 2 0 7 51 272 288
475 2 2 0 7 96 176 312
476 2 2 0 7 44 342 230
477 2 2 0 7 213 376 106
478 2 2 0 7 224 127 238
479 2 2 0 7 198 133 284
480 2 2 0 7 215 381 102
481 2 2 0 7 198 336 121
482 2 2 0 7 186 136 296
483 2 2 0 7 32 302 256
484 2 2 0 7 264 383 211
485 2 2 0 7 309 324 147
486 2 2 0 7 269 135 278
487 2 2 0 7 222 83 281
488 2 2 0 7 52 272 51
489 2 2 0 7 53 363 231
490 2 2 0 7 205 77 289
491 2 2 0 7 191 304 137
492 2 2 0 7 229 261 105
493 2 2 0 7 270 102 381
494 2 2 0 7 202 381 116
495 2 2 0 7 25 204 378
496 2 2 0 7 35 245 34
497 2 2 0 7 220 317 112
498 2 2 0 7 190 336 73
499 2 2 0 7 92 366 287
500 2 2 0 7 39 282 180
501 2 2 0 7 4 23 310
502 2 2 0 7 268 119 331
503 2 2 0 7 200 250 116
504 2 2 0 7 220 253 100
505 2 2 0 7 175 359 138
506 2 2 0 7 208 107 370
507 2 2 0 7 11 206 291
508 2 2 0 7 18 377 17
509 2 2 0 7 169 268 331
510 2 2 0 7 190 275 121
511 2 2 0 7 208 283 120
512 2 2 0 7 65 248 64
513 2 2 0 7 197 335 72
514 2 2 0 7 254 89 319
515 2 2 0 7 255 281 124
516 2 2 0 7 246 365 109
517 2 2 0 7 233 118 244
518 2 2 0 7 218 161 363
519 2 2 0 7 89 325 347
520 2 2 0 7 210 120 283
521 2 2 0 7 203 86 267
522 2 2 0 7 263 153 361
523 2 2 0 7 55 344 218
524 2 2 0 7 236 347 160
525 2 2 0 7 270 122 279
526 2 2 0 7 208 90 283
527 2 2 0 7 190 121 336
528 2 2 0 7 208 370 90
529 2 2 0 7 211 355 82
530 2 2 0 7 270 326 122
531 2 2 0 7 16 308 217
532 2 2 0 7 51 288 50
533 2 2 0 7 62 63 262
534 2 2 0 7 58 311 57
535 2 2 0 7 261 354 105
536 2 2 0 7 247 312 176
537 2 2 0 7 201 75 382
538 2 2 0 7 218 344 140
539 2 2 0 7 183 81 341
540 2 2 0 7 28 259 27
541 2 2 0 7 247 127 312
542 2 2 0 7 221 87 250
543 2 2 0 7 210 323 120
544 2 2 0 7 228 77 358
545 2 2 0 7 202 270 381
546 2 2 0 7 206 360 127
547 2 2 0 7 56 344 55
548 2 2 0 7 247 291 127
549 2 2 0 7 239 142 343
550 2 2 0 7 31 323 30
551 2 2 0 7 225 369 130
552 2 2 0 7 212 356 93
553 2 2 0 7 214 92 331
554 2 2 0 7 146 288 272
555 2 2 0 7 225 112 285
556 2 2 0 7 237 162 379
557 2 2 0 7 261 266 128
558 2 2 0 7 193 134 314
559 2 2 0 7 11 291 10
560 2 2 0 7 46 276 45
561 2 2 0 7 214 331 119
562 2 2 0 7 255 314 134
563 2 2 0 7 258 131 357
564 2 2 0 7 65 330 248
565 2 2 0 7 64 248 334
566 2 2 0 7 233 244 74
567 2 2 0 7 191 137 297
568 2 2 0 7 290 354 128
569 2 2 0 7 193 337 134
570 2 2 0 7 62 262 318
571 2 2 0 7 60 237 304
572 2 2 0 7 331 340 169
573 2 2 0 7 327 106 387
574 2 2 0 7 17 308 16
575 2 2 0 7 30 323 210
576 2 2 0 7 164 342 276
577 2 2 0 7 201 144 338
578 2 2 0 7 263 361 96
579 2 2 0 7 228 333 77
580 2 2 0 7 309 101 324
581 2 2 0 7 20 299 19
582 2 2 0 7 63 334 262
583 2 2 0 7 232 292 166
584 2 2 0 7 205 289 108
585 2 2 0 7 264 157 383
586 2 2 0 7 223 279 78
587 2 2 0 7 211 349 129
588 2 2 0 7 201 382 144
589 2 2 0 7 14 320 13
590 2 2 0 7 209 305 85
591 2 2 0 7 238 360 103
592 2 2 0 7 241 375 125
593 2 2 0 7 52 231 272
594 2 2 0 7 222 337 88
595 2 2 0 7 211 82 349
596 2 2 0 7 228 118 333
597 2 2 0 7 224 96 312
598 2 2 0 7 251 358 77
599 2 2 0 7 81 364 268
600 2 2 0 7 235 378 143
601 2 2 0 7 42 329 41
602 2 2 0 7 260 91 300
603 2 2 0 7 234 83 301
604 2 2 0 7 274 111 383
605 2 2 0 7 92 340 331
606 2 2 0 7 72 335 293
607 2 2 0 7 224 312 127
608 2 2 0 7 67 296 66
609 2 2 0 7 40 282 39
610 2 2 0 7 69 386 226
611 2 2 0 7 31 256 323
612 2 2 0 7 246 141 365
613 2 2 0 7 218 140 367
614 2 2 0 7 77 333 289
615 2 2 0 7 147 324 266
616 2 2 0 7 45 276 342
617 2 2 0 7 57 311 271
618 2 2 0 7 45 342 44
619 2 2 0 7 69 70 386
620 2 2 0 7 215 116 381
621 2 2 0 7 280 124 328
622 2 2 0 7 54 363 53
623 2 2 0 7 287 325 133
624 2 2 0 7 260 300 148
625 2 2 0 7 48 362 47
626 2 2 0 7 191 380 311
627 2 2 0 7 66 296 330
628 2 2 0 7 265 125 375
629 2 2 0 7 257 373 97
630 2 2 0 7 60 304 59
631 2 2 0 7 234 301 131
632 2 2 0 7 326 327 122
633 2 2 0 7 297 137 346
634 2 2 0 7 255 124 362
635 2 2 0 7 236 72 293
636 2 2 0 7 94 274 339
637 2 2 0 7 367 98 388
638 2 2 0 7 206 103 360
639 2 2 0 7 235 353 154
640 2 2 0 7 326 159 327
641 2 2 0 7 62 318 61
642 2 2 0 7 257 164 373
643 2 2 0 7 10 291 247
644 2 2 0 7 222 134 337
645 2 2 0 7 56 271 344
646 2 2 0 7 146 385 288
647 2 2 0 7 280 362 124
648 2 2 0 7 258 277 131
649 2 2 0 7 308 377 123
650 2 2 0 7 164 276 373
651 2 2 0 7 19 299 239
652 2 2 0 7 256 302 120
653 2 2 0 7 25 378 24
654 2 2 0 7 87 275 307
655 2 2 0 7 248 172 334
656 2 2 0 7 234 131 306
657 2 2 0 7 37 38 369
658 2 2 0 7 66 330 65
659 2 2 0 7 250 87 307
660 2 2 0 7 63 64 334
661 2 2 0 7 158 293 335
662 2 2 0 7 157 339 274
663 2 2 0 7 24 378 235
664 2 2 0 7 188 268 364
665 2 2 0 7 258 132 277
666 2 2 0 7 289 315 108
667 2 2 0 7 236 148 347
668 2 2 0 7 248 330 171
669 2 2 0 7 311 380 140
670 2 2 0 7 256 120 323
671 2 2 0 7 237 137 304
672 2 2 0 7 295 313 99
673 2 2 0 7 165 280 328
674 2 2 0 7 232 117 345
675 2 2 0 7 160 325 287
676 2 2 0 7 246 84 316
677 2 2 0 7 232 345 94
678 2 2 0 7 147 313 295
679 2 2 0 7 313 368 168
680 2 2 0 7 157 274 383
681 2 2 0 7 293 345 117
682 2 2 0 7 226 386 153
683 2 2 0 7 322 130 369
684 2 2 0 7 37 369 225
685 2 2 0 7 257 338 114
686 2 2 0 7 303 129 374
687 2 2 0 7 165 373 276
688 2 2 0 7 290 128 390
689 2 2 0 7 295 99 353
690 2 2 0 7 282 294 138
691 2 2 0 7 193 288 385
692 2 2 0 7 355 383 111
693 2 2 0 7 190 307 275
694 2 2 0 7 251 93 356
695 2 2 0 7 343 142 351
696 2 2 0 7 70 278 386
697 2 2 0 7 82 290 372
698 2 2 0 7 151 289 333
699 2 2 0 7 250 307 116
700 2 2 0 7 278 135 361
701 2 2 0 7 175 286 359
702 2 2 0 7 153 278 361
703 2 2 0 7 239 299 142
704 2 2 0 7 238 127 360
705 2 2 0 7 159 326 284
706 2 2 0 7 240 382 75
707 2 2 0 7 343 351 168
708 2 2 0 7 300 132 319
709 2 2 0 7 324 390 128
710 2 2 0 7 90 370 303
711 2 2 0 7 158 345 293
712 2 2 0 7 257 201 338
713 2 2 0 7 233 357 145
714 2 2 0 7 277 132 300
715 2 2 0 7 173 372 290
716 2 2 0 7 211 383 355
717 2 2 0 7 151 315 289
718 2 2 0 7 249 90 374
719 2 2 0 7 82 372 349
720 2 2 0 7 266 324 128
721 2 2 0 7 48 255 362
722 2 2 0 7 249 374 189
723 2 2 0 7 147 295 309
724 2 2 0 7 277 306 131
725 2 2 0 7 240 144 382
726 2 2 0 7 242 364 81
727 2 2 0 7 246 316 141
728 2 2 0 7 73 284 326
729 2 2 0 7 91 277 300
730 2 2 0 7 237 379 137
731 2 2 0 7 41 329 294
732 2 2 0 7 79 368 266
733 2 2 0 7 148 300 319
734 2 2 0 7 189 349 372
735 2 2 0 7 40 294 282
736 2 2 0 7 188 364 273
737 2 2 0 7 140 271 311
738 2 2 0 7 143 309 295
739 2 2 0 7 251 356 149
740 2 2 0 7 47 362 280
741 2 2 0 7 294 329 138
742 2 2 0 7 248 389 172
743 2 2 0 7 316 163 350
744 2 2 0 7 251 149 358
745 2 2 0 7 313 168 351
746 2 2 0 7 261 128 354
747 2 2 0 7 297 98 380
748 2 2 0 7 91 306 277
749 2 2 0 7 140 344 271
750 2 2 0 7 371 390 101
751 2 2 0 7 147 266 368
752 2 2 0 7 94 339 332
753 2 2 0 7 145 357 301
754 2 2 0 7 89 347 319
755 2 2 0 7 332 155 384
756 2 2 0 7 90 303 374
757 2 2 0 7 327 387 122
758 2 2 0 7 248 171 389
759 2 2 0 7 316 350 141
760 2 2 0 7 367 380 98
761 2 2 0 7 85 359 286
762 2 2 0 7 160 287 366
763 2 2 0 7 191 297 380
764 2 2 0 7 178 303 370
765 2 2 0 7 313 351 99
766 2 2 0 7 193 385 337
767 2 2 0 7 153 386 278
768 2 2 0 7 332 339 155
769 2 2 0 7 371 173 390
770 2 2 0 7 88 337 385
771 2 2 0 7 17 377 308
772 2 2 0 7 319 347 148
773 2 2 0 7 324 101 390
774 2 2 0 7 301 357 131
775 2 2 0 7 346 137 379
776 2 2 0 7 173 290 390
777 2 2 0 7 313 147 368
778 2 2 0 7 332 384 150
779 2 2 0 7 38 322 369
780 2 2 0 7 279 122 387
781 2 2 0 7 367 140 380
782 2 2 0 7 93 346 379
