1 1 0 0
2 5 0 0
3 5 5 0
4 0 5 0
5 0 1 0
6 0 0 0
7 0 1.099299150849643 0
8 0 1.20845857381045 0
9 0 1.328457465007971 0
10 0 1.460372119349668 0
11 0 1.605385793203911 0
12 0 1.764799203003685 0
13 0 1.94004221690449 0
14 0 2.132686728479958 0
15 0 2.344460666403418 0
16 0 2.577263534521738 0
17 0 2.833183553769435 0
18 0 3.11451620707272 0
19 0 3.423784918643097 0
20 0 3.763763775183227 0
21 0 4.137502238173421 0
22 0 4.548352646855943 0
23 0.4999999999995947 5 0
24 0.9999999999984134 5 0
25 1.499999999996955 5 0
26 1.999999999995513 5 0
27 2.499999999996205 5 0
28 2.999999999996966 5 0
29 3.499999999997728 5 0
30 3.999999999998489 5 0
31 4.499999999999245 5 0
32 5 4.499999999999999 0
33 5 3.999999999999998 0
34 5 3.499999999999997 0
35 5 2.999999999999996 0
36 5 2.499999999999995 0
37 5 1.999999999999994 0
38 5 1.499999999999993 0
39 5 0.9999999999999911 0
40 5 0.4999999999999956 0
41 4.548352646857322 0 0
42 4.13750223817593 0 0
43 3.763763775189193 0 0
44 3.423784918653154 0 0
45 3.114516207086099 0 0
46 2.833183553781845 0 0
47 2.577263534531098 0 0
48 2.344460666410177 0 0
49 2.132686728484511 0 0
50 1.940042216907512 0 0
51 1.764799203006042 0 0
52 1.605385793205695 0 0
53 1.460372119350963 0 0
54 1.328457465008855 0 0
55 1.208458573810986 0 0
56 1.099299150849887 0 0
57 0.9951847266722343 0.09801714032917983 0
58 0.9807852804033356 0.1950903220155996 0
59 0.9569403357324345 0.2902846772537184 0
60 0.9238795325116899 0.3826834323641165 0
61 0.8819212643489727 0.4713967368248421 0
62 0.8314696123033888 0.5555702330183399 0
63 0.7730104533638363 0.6343932841623059 0
64 0.7071067811878894 0.7071067811852057 0
65 0.6343932841648996 0.7730104533617078 0
66 0.5555702330207417 0.8314696123017838 0
67 0.4713967368269896 0.8819212643478248 0
68 0.382683432365871 0.9238795325109631 0
69 0.290284677254992 0.9569403357320482 0
70 0.1950903220164424 0.9807852804031679 0
71 0.09801714032963502 0.9951847266721896 0
72 2.005137198999905 2.2653719841307 0
73 1.055573297457545 1.761117650908348 0
74 1.673327979473742 1.040931331733897 0
75 2.988572863622821 1.309675169137927 0
76 0.5071501971054675 1.410391465741397 0
77 1.41085280339357 0.511609290547454 0
78 1.043567654674812 1.153986281702302 0
79 1.267486363813607 3.269150562857908 0
80 3.460830511994813 2.690444141736046 0
81 0.7533005954995198 2.460862100462579 0
82 2.441352013492073 3.321964368247721 0
83 2.220531356291973 0.6582195672167872 0
84 1.099520170621648 0.799553626881247 0
85 3.948647168743858 1.041291805447244 0
86 0.6813897463387892 1.136830111481167 0
87 0.5431183144542365 1.95967706527042 0
88 1.838476267690972 0.4255840985404908 0
89 1.695381398341803 1.671058501150959 0
90 3.50510399772871 3.865635619600778 0
91 2.323221397790048 1.339189675546427 0
92 1.455645890089397 2.358158580542408 0
93 1.135282930914717 0.5530095489526311 0
94 2.88475902585593 2.141215886811645 0
95 0.8437315952786199 0.9309143605410334 0
96 0.2875306978918022 1.267626582965677 0
97 2.872249354686437 0.6366701469318906 0
98 1.257769230717808 0.2926355144879415 0
99 0.8083035862350739 3.941174279779435 0
100 3.658540405297098 1.766416231532555 0
101 1.793938436945592 4.073715653476542 0
102 0.820385657126713 1.415313550462231 0
103 0.3156829228080997 1.69120696471835 0
104 0.6198301726659206 3.087879333007495 0
105 1.788950291995491 2.870317496599416 0
106 1.44493649804638 1.355779742721939 0
107 4.142448054216572 3.301896907908412 0
108 1.503347728543996 0.2499067331760843 0
109 1.42173091069236 0.837505148220599 0
110 2.685255057659749 4.153690941932411 0
111 2.472692522537587 2.673686116806027 0
112 4.182110742557309 2.363556256195318 0
113 0.4619984588794734 1.128597484177456 0
114 3.498493824634565 0.568587603986121 0
115 0.3896220786257593 2.318713532295585 0
116 0.6820841301152598 1.68386717978466 0
117 2.417514770045796 1.853120756168468 0
118 1.660473247336449 0.6655973688923514 0
119 1.155860577948734 2.772468685535588 0
120 4.226183662247922 4.226183662248264 0
121 0.8948350086858845 2.106842070465335 0
122 1.151400737915688 1.468737242078699 0
123 0.3715606407714949 2.720015012311555 0
124 2.467278399221683 0.352750844066754 0
125 2.549806566464542 0.9726372882851704 0
126 0.9570990760441208 0.699017284617488 0
127 0.228794589845198 1.473952126959433 0
128 1.836818994769667 3.49745859850214 0
129 3.13430344599862 3.34688822001821 0
130 4.372900071325251 1.631421670850851 0
131 2.103462520711438 0.9984800456603387 0
132 1.889999466467241 1.34407198544214 0
133 1.380497918319875 1.944873546631403 0
134 2.1464885766942 0.3160248348366626 0
135 0.1532977571743726 1.161070908399701 0
136 0.616972969362008 0.9928850208281042 0
137 1.08753118618232 0.3891248805228815 0
138 4.34958476576929 0.5713092264763664 0
139 0.2684318289704992 2.036364472692223 0
140 1.146850213425449 0.1548131072606893 0
141 1.264080230555866 1.013343198898304 0
142 0.4789017864674935 3.569342396025982 0
143 1.253902467897512 4.407373789550214 0
144 3.484930240187628 1.099372297079123 0
145 1.982338131144467 0.7100454263771749 0
146 1.751884167967267 0.21638933978713 0
147 1.329380051556128 3.801994957409214 0
148 2.088887596069477 1.672764938914389 0
149 1.264605010490135 0.720580464972988 0
150 3.134595501089117 1.760533585846182 0
151 1.660635612743475 0.4771964952731234 0
152 0.8623619986236778 1.137160777602221 0
153 0.2956964363652205 1.104074828174155 0
154 0.4172632440666838 4.356289892556108 0
155 3.42363935530876 2.252159873193051 0
156 3.282417264856377 4.426678465932207 0
157 3.047724840848912 2.630804279794961 0
158 2.476107882853155 2.281037409183176 0
159 1.425431026950001 1.67518031202424 0
160 1.786098855021097 2.043684795987591 0
161 1.378175242918048 0.1645850078014775 0
162 1.015642230619861 0.5663209232781351 0
163 1.024983825837226 0.9878168786784574 0
164 3.21809707476339 0.3869477765945911 0
165 2.813990064255684 0.3270863067872853 0
166 2.641885931408609 1.498564296590596 0
167 2.273714389827702 4.541896410193593 0
168 0.943798097596544 3.449709931640517 0
169 1.011897665173639 2.370105318369078 0
170 0.6808934227927243 1.330907309705639 0
171 0.716632362928457 0.9075760023521424 0
172 0.8358261179986122 0.7884052861264864 0
173 2.308000870090522 3.885399035819803 0
174 1.468657241240442 1.067920779454163 0
175 3.927980736614547 0.4060500433927565 0
176 0.1401463673065958 1.291137086276847 0
177 2.213931357040544 2.982486838998473 0
178 3.608892151847781 3.176739649029877 0
179 2.532731076291614 0.6590029907411396 0
180 4.427637392689014 1.0048975992518 0
181 0.1777313207928838 1.860135625785381 0
182 1.742913633603754 2.489219948845703 0
183 0.611579353351225 2.22938890558501 0
184 4.498238413801526 2.823738023295395 0
185 4.494257386774136 3.73646266097606 0
186 0.4822441975299326 0.9991004616891757 0
187 0.3206932154249483 3.033052620826828 0
188 0.8250826638543304 2.828864030178621 0
189 2.89755116085831 3.719222488966504 0
190 0.8364049354859575 1.858948579230805 0
191 1.064025776377804 0.2770226786713201 0
192 1.273913219079377 0.419931265663392 0
193 1.957853350028134 0.213808684655596 0
194 1.273205231736949 1.203046800106679 0
195 0.4318431198744046 1.281241120487921 0
196 0.4082478297127484 3.925748469719547 0
197 2.084404952111269 2.633493098985405 0
198 1.151712559387051 2.016044237919134 0
199 3.98179837444515 2.815524906906574 0
200 0.500955116899253 1.600082916623051 0
201 3.096572450994314 0.9692740183731622 0
202 0.8692906127469996 1.664437697458856 0
203 0.5680863787592309 1.228856031775771 0
204 1.708403819846804 4.516544103150554 0
205 1.386495277585385 0.3494067180691098 0
206 0.1693211582472697 1.610620237414963 0
207 0.9467053057814689 0.8611587343247664 0
208 3.993695708760947 3.785126349243405 0
209 3.760953757762467 1.410300361183217 0
210 3.821421533898258 4.554488939470648 0
211 2.801002766673452 3.119264897107761 0
212 1.074814914835356 0.659027122827326 0
213 1.678818605329681 1.255262738646019 0
214 1.455962121273244 2.642979522855104 0
215 0.6621378948724643 1.502723776795583 0
216 0.1990618464933379 2.219163474924052 0
217 0.2250879324551492 2.477098826600684 0
218 1.263674928639489 0.09946126233574584 0
219 0.9782301227017136 3.101312510607652 0
220 3.770845297119772 2.140261732430501 0
221 0.3785366178566205 1.893253015148637 0
222 2.046233966682894 0.5048610961230516 0
223 0.9329500374497601 1.28516933762227 0
224 0.3382460366857265 1.381278219305973 0
225 4.499258542177492 2.004521328339903 0
226 0.3677378001841154 1.027758300879849 0
227 0.7625562984751936 1.018939496898986 0
228 1.500123045869505 0.6743912609112026 0
229 1.420730028379642 2.973825621787036 0
230 3.535522860509992 0.271055944321221 0
231 1.512976831933785 0.1082369621992634 0
232 2.802104950523298 1.84473371028037 0
233 1.795258110139034 0.8341382624684256 0
234 2.307949925219206 0.8696566080798518 0
235 0.8145794593501983 4.618576704120495 0
236 2.067016847790627 1.952765351923802 0
237 0.9917267172205732 0.4556998743277103 0
238 0.3678825293712263 1.523137316394247 0
239 0.314550980477196 3.319772303191222 0
240 3.312068353253249 1.475360544465006 0
241 2.536446918889387 1.220039497861092 0
242 0.5108572896097693 2.486873792790292 0
243 0.7975380644433511 1.252618422531869 0
244 1.608586836438954 0.8460644885696294 0
245 4.606786512272598 3.281106285361089 0
246 1.249469721748595 0.8683673390414064 0
247 0.1164063258019162 1.408352895210157 0
248 0.7281840839394047 0.8034273276595246 0
249 3.121118932314196 4.036654942400234 0
250 0.5222621826433601 1.77351655771758 0
251 1.265716608818743 0.564988433607664 0
252 0.4423175630005775 2.128912252214911 0
253 4.050933144008511 1.830519570401526 0
254 1.623345824625606 1.476625685445098 0
255 2.291296212847132 0.2011101844774285 0
256 4.547750145971782 4.547750145971854 0
257 3.173850956984805 0.6558347425447728 0
258 1.890982439736919 1.093721045240519 0
259 2.748171538636536 4.622988440934309 0
260 2.349779935156366 1.586966253874629 0
261 1.648903915502733 3.198651101418448 0
262 0.8539783095355777 0.6524908842940982 0
263 0.3685316098193188 1.186293696270221 0
264 3.189824061671581 2.938251494080132 0
265 2.794997692190147 0.8916216993213392 0
266 1.49985477647114 3.512269566557261 0
267 0.5727488872735351 1.104604840994651 0
268 0.9493638123331638 2.599623039738735 0
269 0.09119883909745372 1.086855986183664 0
270 0.9893695550409641 1.516321551412261 0
271 1.080828237654977 0.08494893722173372 0
272 1.667140515301971 0.1192231802794516 0
273 0.5678595650360194 2.856671286673679 0
274 2.770859753315892 2.425207257498253 0
275 0.7260168818982488 2.040325276445734 0
276 3.017988077102917 0.2094677385175199 0
277 2.096700818652373 1.223583671566065 0
278 0.1982265721985472 1.073642386802332 0
279 1.098079512680455 1.330417206188224 0
280 2.619545815108197 0.2088704583918387 0
281 2.285418793390496 0.4503302305979675 0
282 4.686914132010609 0.7026801660559221 0
283 3.781516474102475 4.154846579717292 0
284 1.25595628593231 1.796972798138524 0
285 4.609385433854448 2.409140234264556 0
286 3.747320586984182 0.7666868944874344 0
287 1.535190882173541 2.13174100785552 0
288 1.828744261761197 0.1337114547862526 0
289 1.524240173269539 0.404199349559916 0
290 2.175139520414601 3.564614833674957 0
291 0.1001300087714138 1.518004543614265 0
292 2.92786921220437 1.585703017114473 0
293 2.294442996008652 2.121605760879707 0
294 4.652749834918738 0.3430906909715497 0
295 1.112328042716124 4.061548849885023 0
296 0.5481870171799681 0.9156974462204218 0
297 1.164304576910317 0.3353967610968352 0
298 1.828749319839241 0.6018271886561264 0
299 0.2304251697784825 3.59748896891741 0
300 2.107065550501055 1.448422546181282 0
301 2.115762733522062 0.8180581054370764 0
302 4.615407006233541 4.121012475377307 0
303 3.441106116836715 3.513608872020212 0
304 1.005452719418915 0.3593784087429701 0
305 4.109780934299877 1.31055962425383 0
306 2.302833687406787 1.100800004836766 0
307 0.6616787887861191 1.853185953954177 0
308 0.1565385258523185 2.700442839380097 0
309 1.460483443514243 4.117859605535233 0
310 0.33687672395738 4.677998715663044 0
311 1.068206352312823 0.1741545302247592 0
312 0.2253694659183587 1.358195637917407 0
313 1.017704841557423 3.744148672346757 0
314 2.109384670796796 0.1593314813785939 0
315 1.666770981264499 0.3120235558899668 0
316 1.14451673197206 0.9392966031256367 0
317 3.767519255439476 2.479833544500218 0
318 0.9166643596958084 0.5605397847671875 0
319 1.891387539022443 1.564467938361527 0
320 0.1250080335671102 2.037240493402222 0
321 0.09159708158364475 1.213313185905402 0
322 4.639574939115128 1.404296823737552 0
323 4.202498083563166 4.659549800780046 0
324 1.67826084794033 3.782013502672089 0
325 1.618132015434495 1.87396268055007 0
326 1.18944763781363 1.620848437543656 0
327 1.323869200454144 1.479045027645925 0
328 2.634516249873284 0.4611122349189188 0
329 4.327186208137234 0.2588896161104673 0
330 0.6300617800661612 0.8649399145583701 0
331 1.262801893644911 2.514175229090586 0
332 3.138297300409082 2.034945137376455 0
333 1.543755680786145 0.5495954977973773 0
334 0.7816429824326274 0.7161928266118847 0
335 2.251490453989321 2.425296094465667 0
336 0.9884882953594497 1.933525303310712 0
337 1.993550833131745 0.365805211848456 0
338 3.3957656223707 0.8246987169650162 0
339 3.110563375465137 2.330650242160322 0
340 1.207543934785689 2.220408123840801 0
341 0.818507806262666 2.281629243024423 0
342 3.269150562869627 0.1725193802179231 0
343 0.6362150908463035 3.359430777329222 0
344 1.162944750845443 0.07024238191170998 0
345 2.592483688615955 2.047132681690485 0
346 1.169200705090184 0.4510981981237976 0
347 1.869604031227906 1.789077059709031 0
348 0.9160681401982279 1.017623593635556 0
349 2.774356530957435 3.420416628762638 0
350 1.13987697329482 1.059631432874767 0
351 0.7337603996794583 3.681130658770156 0
352 0.1292666231248381 1.71756132473509 0
353 0.7823050154208842 4.269647930928468 0
354 1.999682619219885 3.225365695089185 0
355 2.489782708733783 3.006528153129636 0
356 1.172623589251574 0.6518709729926476 0
357 1.967466075131769 0.8828746431419456 0
358 1.371704627485404 0.6459223099730707 0
359 4.095012260003594 0.7544606878957754 0
360 0.2703848499994213 1.575806590386063 0
361 0.2415315504681631 1.175957634263583 0
362 2.459411144072512 0.1409798674168819 0
363 1.394414792179909 0.06965758001595561 0
364 0.667849490636435 2.653715697814475 0
365 1.374667852935467 0.9670762986360635 0
366 1.716359683749427 2.258341820282255 0
367 1.246238363065739 0.1967711833883948 0
368 1.209936611701135 3.552339787994028 0
369 4.708264835312944 1.713439385553221 0
370 3.762973081843452 3.530464672896929 0
371 2.121125247086573 4.1561726498268 0
372 2.549352484453809 3.688561364471084 0
373 2.991405589867692 0.4446824025138167 0
374 3.206773142127527 3.697090878565079 0
375 2.783141153630673 1.149938873747964 0
376 1.52231493724903 1.217249214931981 0
377 0.1732154511238732 2.884020160675727 0
378 1.249999999997684 4.756405429360763 0
379 1.080335031042417 0.4804220043507276 0
380 1.152903392774908 0.238115718979139 0
381 0.7832866916330409 1.550192133750575 0
382 3.208510156018997 1.207122823813648 0
383 2.800451095730642 2.803335349799093 0
384 3.400743354969751 1.900003335471477 0
385 1.845985606993837 0.2854266651144272 0
386 0.2733602965360991 1.031229603269183 0
387 1.243872758044235 1.360606957889199 0
388 1.344876821247099 0.2560865559806555 0
389 0.7786963189493755 0.8595917593288167 0
390 1.993899825979908 3.816512236572677 0
